inherit_from: configs/Own/own.yaml
cam:
  H: 720 
  W: 1280
  fx: 607.4694213867188
  fy: 607.4534912109375
  cx: 636.9967041015625
  cy: 369.2689514160156
  png_depth_scale: 1000.0   
  crop_edge: 0
mapping:
  bound: [[-1.5,3.5],[-4.5,3.6],[-6.5,8.]]
  marching_cubes_bound: [[-1.5,3.5],[-4.5,3.6],[-6.5,8.]]
data:
  input_folder: Datasets/Apartment
  output: output/Apartment